# starting score: 152
# score: 1058
750
996 999
428 432
978
614
7
406
210
589 590
539
396
332
651 653
927 928
22
23
663
109
293
910 911
203
784
899
173 175
39
370
159
193
45
168 169
839
948
791
500
825 828
0 2
145
834 835
196
141
994
299
386 388
313
646
90
321 322
597
439
103
898 901
107
923
989
378
70
456
453
129 130
99 101
554
71 72
694
136
673 674
139
113
933
142
551
348
803
312
463
515
959
184
520
867
886
746
854
179
499
532
260
120
861 862
710 711
251
761
785
92
201
468
202
599 600
980 981
209
905
211
753 758
686 689
831
217
81
1
766
493
764
741
726 731
197
873 876
367
302
28
241
245
225
76 79
127
422 424
660 661
802
719
962
460
308
272
609 612
720 721
820
198 199
596
672
477
662 664
205
516
4
78
249 250
800 801
294
279
774 781
9
902 903
394 395
324 327
728
732
448
877
640
291 295
610
970
178
316
735 737
407 408
926
592
43
459 461
236 237
15 18
860
5
655
255
247
914
723
13
328
40 44
559
334
356
992
362
360
54 55
615 617
945 946
560
382 383
855
374
377
954
346
955
658
691
638
937 940
506
751 752
315
400
546
564 566
411
194
256 257
166
434 437
292
192
429
430
333
976
713
436
606
91 93
441
775
906
433
565
921
821
690
285 288
325
462
707
38
575
684 685
584
509
354
480
349
286
235
488
421
375 376
815
561
680
62
853 856
523 524
505
393
859
772
692
832 833
401 402
541
519
220
967 968
530
882 883
913
102 104
486
514
222
16
379
404
213
485
637 643
27 30
725
283
557
807
112
925
938
296
633 634
326
320
481 482
576
3
158 160
467
310 318
94 95
875
548 552
29
602
25
605
964
413 414
416
303
963
616
75
618 619
722
742
951
570
538
652
263 264
642
359 363
409 410
144 146
743
648
702
777
282
782 783
180 182
446
89
24
755
669
973 974
497
364
177
19
298
14
138 143
714 715
688
647
154
693
767
649
232
593
110
623
397
749 750
472
212
556
305
216
390 392
727
613
716 717
149
966
889
66 67
730
352
972
275
87
56
230
678
747
420
240
935
48
845
164
677
435
583 585
507
771
508
574
267
96 97
857 858
98
140
645
983
86 88
787
490 492
218 221
167
799
301
274
739
380
809
50
479
502
59 61
922
21
68 69
823
265
827
829
804
621
836
214 215
759 760
63
208
895
848
381
206 207
851
438 443
228
942
567
239
786
864
865
607 608
990 991
982 984
134 137
822
780
176
266 269
270 271
977 979
917
540
254
601 603
754
893
455 458
525 527
186
276
907
517 518
6 8
849
679
819
624 625
650
924
391
494 495
297 304
183 185
365 366
936
347
329
491
351
357
950
908
287
161 162
631 632
412
384 385
57 58
41
969
314
971
793 794
641
489
550
125
345 350
588
191 195
704
174
997
998
60
734
135
944
132
170
31 32
627
904 909
46 47
77
665 666
840 841
358
866 868
64 65
10 12
151 152
844
738
323
549
654
387
17
712
431
533
268
591
812
116 117
594
126 128
792
131 133
187
687
790
118 119
281
339 341
474 475
398 399
697 698
163 165
681 683
148
947 949
105 108
80 82
111
708
259 262
200 204
987
916 918
42
223 224
765 769
231 234
181
238 242
319
246 248
337 338
252 253
171 172
776
975
84 85
611
842
986
537 542
156 157
985 988
496 498
830
626
629
33
826
330 331
153 155
343 344
620 622
850
931
718
368 371
816 817
49 51
403 405
863
870
705 709
813 814
229
808 810
114 115
846 847
939
273 280
415 417
682
35
353 355
869
300
595 598
444 445
447 449
442
729
426 427
952 953
466 469
470 471
543 544
188 190
932 934
340
526
628 630
306 307
483
510 511
11
748
521 522
504
757
528 529
100
74
289 290
545 547
233
553 558
562 563
457
568 571
450
278
579 580
581 582
20 26
586 587
888
843
874
811
418 419
258
756
423
243 244
277
361
635 636
993 995
768
473
878
657 659
83
261
534 535
668 670
912 915
675 676
890
531
106
440
389
699 700
701 703
189
501 503
572 573
887
724
745
451
740 744
736
797 798
852
555
762 763
34
770 773
317
122
788 789
335 336
795 796
656
123 124
805 806
476 478
644
309
818 824
452 454
512 513
667
837 838
311
226 227
695 696
219
121
372 373
871 872
733
879 881
778
884 885
891 892
894 897
484 487
880
639
919 920
52 53
464 465
779
147 150
929 930
36 37
536
941 943
369
896
73
956 957
958 960
961 965
706
671
569
604
577 578
284
342
425
900
